Webots Project File version R2023b
perspectives: 000000ff00000000fd00000003000000000000000000000000fc0100000001fb0000001a0044006f00630075006d0065006e0074006100740069006f006e0000000000000000140000000000000000000000010000029c0000029dfc0200000001fb0000001400540065007800740045006400690074006f0072010000001a0000029d0000008b00ffffff000000030000078000000123fc0100000002fb0000000e0043006f006e0073006f006c00650100000000000005660000000000000000fb0000001a0043006f006e0073006f006c00650041006c006c0041006c006c0100000000000007800000006900ffffff000004e20000029d00000001000000020000000100000008fc00000000
simulationViewPerspectives: 000000ff0000000100000002000000fc000000ef0100000002010000000100
sceneTreePerspectives: 000000ff000000010000000300000022000000c0000000fa0100000002010000000200
maximizedDockId: -1
centralWidgetVisible: 1
orthographicViewHeight: 1
textFiles: 0 "controllers/nao_demo/nao_demo.c"
consoles: Console:All:All
renderingDevicePerspectives: NAO:CameraBottom;1;0.74375;0;0
renderingDevicePerspectives: NAO:CameraTop;1;0.74375;0;0
